,name,rating,lastSeen,publicKey,#products,#Deals,parsingDate
0,BonnieNClyde,4.987,Registered 1 years 4 months              0 days,,54,1000~1500,2015-07-07
1,Gilfoyle,5.00,Registered 16 days              0 days,,13,70~100,2015-07-07
2,Twice_As_Nice,5.00,Registered 23 days              0 days,,7,25~40,2015-07-07
3,HumboldtFarms,4.915,Registered 10 months              1 days,,54,4000~5000,2015-07-07
4,ReDEyE,5.00,Registered 6 months              0 days,,4,300~500,2015-07-07
5,Actorian,,Registered 4 months             On Vacation Mode since 20 hours,,1, 1~2,2015-07-07
6,savagecat,5.00,Registered 1 months              0 days,,5,10~15,2015-07-07
7,GrandWizardsLair,4.980,Registered 1 years 5 months              0 days,,1,500~1000,2015-07-07
8,Rebel_Alliance,4.994,Registered 1 years 4 months              0 days,,7,1000~1500,2015-07-07
9,TheImportStore,5.00,Registered 3 months              0 days,,3,100~150,2015-07-07
10,SeattlesBest,4.969,Registered 1 years 6 months              0 days,,43,500~1000,2015-07-07
11,checkpoint,4.978,Registered 1 years 5 months              0 days,,31,500~1000,2015-07-07
12,AGP,4.95,Registered 1 years 3 months              0 days,,3,150~200,2015-07-07
13,Top_Gear_UK,4.902,Registered 1 years 4 months              0 days,,29,4000~5000,2015-07-07
14,galaxytreez,5.00,Registered 4 months              2 days,,9,40~55,2015-07-07
15,Kleo,5.00,Registered 1 months              0 days,,8,70~100,2015-07-07
16,dmvnationsupply,4.98,Registered 4 months              0 days,,20,70~100,2015-07-07
17,xinhai,4.973,Registered 1 years 4 months              1 days,,9,3000~4000,2015-07-07
18,indianpilldaddy,4.98,Registered 1 years 4 months              0 days,,162,300~500,2015-07-07
19,zebra,,Registered 7 days              0 days,,11,0,2015-07-07
20,GoingPostal,4.967,Registered 1 years 6 months              0 days,,118,4000~5000,2015-07-07
21,DoctorAlice,5.00,Registered 1 months              1 days,,12,100~150,2015-07-07
22,Dimercurio,5.000,Registered 1 years 3 months              0 days,,7,1000~2000,2015-07-07
23,MrKidX,4.97,Registered 1 years 2 months              0 days,,7,200~300,2015-07-07
24,AmsterdamLiquidXno1,5.00,Registered 1 months              0 days,,16,70~100,2015-07-07
25,OzAlpha,4.959,Registered 1 years 4 months              0 days,,56,1000~1500,2015-07-07
26,pharmerjo,4.94,Registered 1 years 3 months              1 days,,4,300~500,2015-07-07
27,WALLSTREETx2,5.000,Registered 1 years 4 months              0 days,,4,3000~4000,2015-07-07
28,mollyjohnson,4.69,Registered 1 years 4 months              0 days,,1,150~200,2015-07-07
29,Clandestine_Pharmaceutics,5,Registered 7 days              1 days,,3,15~25,2015-07-07
30,OregonTrail,5.000,Registered 7 months              2 days,,1,500~1000,2015-07-07
31,PlantSuccess,4.95,Registered 12 days              0 days,,5,40~55,2015-07-07
32,MrMaserati,4.99,Registered 3 months              0 days,,19,100~150,2015-07-07
33,GiveMeSleep,5.00,Registered 23 days              0 days,,8,15~25,2015-07-07
34,Addyshack,4.966,Registered 1 years 6 months              1 days,,34,2000~3000,2015-07-07
35,AussieExpress,4.46,Registered 1 years 2 months             On Vacation Mode since 1 days 16 hours                             |  Restricted/scamming investigation.,,6,200~300,2015-07-07
36,Mann-Drog,4.99,Registered 10 months              0 days,,2,300~500,2015-07-07
37,Meds2Buy,4.79,Registered 1 years 0 months              1 days,,82,150~200,2015-07-07
38,tinacmarks,4.75,Registered 7 months              0 days,,64,25~40,2015-07-07
39,galactica,5,Registered 9 days              0 days,,3,6~10,2015-07-07
40,Kiefernzapfen,4.98,Registered 8 months              1 days,,11,200~300,2015-07-07
41,710HookUp,4.95,Registered 1 years 4 months              0 days,,2,300~500,2015-07-07
42,krytocratic_tyranny,5.00,Registered 2 months              0 days,,3,40~55,2015-07-07
43,MIcasa-SUcasa,5.00,Registered 5 months              0 days,,36,70~100,2015-07-07
44,Fire_Fire,4.891,Registered 1 years 4 months              1 days,,15,500~1000,2015-07-07
45,MrSniffer,5.00,Registered 1 months              0 days,,32,100~150,2015-07-07
46,DisIsHollanda,4.99,Registered 1 months              0 days,,40,200~300,2015-07-07
47,summertime,4.947,Registered 1 years 7 months              1 days,,10,1000~2000,2015-07-07
48,WeRoll,4.873,Registered 1 years 5 months              0 days,,7,1000~2000,2015-07-07
49,salviana,5,Registered 3 months              0 days,,1,1~2,2015-07-07
50,mossman,5.00,Registered 1 years 1 months              0 days,,5,40~55,2015-07-07
51,Premiumgear,5.00,Registered 1 years 3 months              0 days,,9,300~500,2015-07-07
52,CrystalBurns,4.92,Registered 11 months              0 days,,4,150~200,2015-07-07
53,sereal,4.99,Registered 1 years 7 months              0 days,,36,200~300,2015-07-07
54,foxygirl,5.00,Registered 3 months              0 days,,148,25~40,2015-07-07
55,ShopAgent,4.79,Registered 1 years 3 months              0 days,,68,150~200,2015-07-07
56,T5_NBOMe,4.834,Registered 1 years 4 months              0 days,,32,1000~1500,2015-07-07
57,DUTCHRABBIT,4.98,Registered 1 months              0 days,,29,100~150,2015-07-07
58,Flyfelix,5.00,Registered 1 years 6 months              2 days,,27,300~500,2015-07-07
59,blow,4.863,Registered 1 years 0 months              1 days,,22,500~1000,2015-07-07
60,joogman,4.88,Registered 5 months              0 days,,7,200~300,2015-07-07
61,Highclub,5.00,Registered 1 months              0 days,,7,70~100,2015-07-07
62,Dutchmen,5.00,Registered 1 months              0 days,,31,150~200,2015-07-07
63,cultmadeline,4.993,Registered 1 years 4 months              0 days,,16,2000~3000,2015-07-07
64,brownjames,4.96,Registered 1 years 4 months              0 days,,6,500~1000,2015-07-07
65,Discounts_R_Us,5.00,Registered 3 months              0 days,,10,200~300,2015-07-07
66,SocksRocksLocks,4.89,Registered 1 years 6 months              1 days,,6,150~200,2015-07-07
67,TheWolfOfDarknet,5,Registered 3 months              2 days,,11,6~10,2015-07-07
68,AngelEyes,4.99,Registered 1 years 7 months              0 days,,3,300~500,2015-07-07
69,theblossom,5.00,Registered 1 years 4 months              0 days,,35,300~500,2015-07-07
70,androgenie,4.89,Registered 1 years 4 months              5 days,,6,150~200,2015-07-07
71,Boggalertz2,5,Registered 6 months              0 days,,5,10~15,2015-07-07
72,Entheogenesis,4.99,Registered 6 months              0 days,,1,200~300,2015-07-07
73,Overdos3d,5.00,Registered 3 months              0 days,,75,100~150,2015-07-07
74,diondibra,4.99,Registered 5 months              0 days,,18,150~200,2015-07-07
75,printerpam,4.06,Registered 3 months              0 days,,7,25~40,2015-07-07
76,craigman,5.00,Registered 1 years 1 months              0 days,,11,300~500,2015-07-07
77,InsideTheWhale,4.956,Registered 1 years 3 months              0 days,,77,1000~2000,2015-07-07
78,ladyskywalker,4.960,Registered 1 years 0 months              0 days,,16,1000~1500,2015-07-07
79,shoeshunge,4.99,Registered 1 years 2 months              0 days,,1,500~1000,2015-07-07
80,GoodmedsDK,4.97,Registered 1 years 1 months              0 days,,20,300~500,2015-07-07
81,WestCoastCure,4.86,Registered 1 years 1 months              0 days,,18,300~500,2015-07-07
82,cooksfinest,5,Registered 1 months              4 days,,4,1~2,2015-07-07
83,Weed4bits,4.91,Registered 6 months              0 days,,32,200~300,2015-07-07
84,thomascheer,4.76,Registered 6 months              0 days,,1,300~500,2015-07-07
85,footstool,4.98,Registered 3 months              1 days,,30,200~300,2015-07-07
86,CDARWIN,4.99,Registered 7 months              0 days,,14,300~500,2015-07-07
87,Pharma-deal,5,Registered 3 months              1 days,,64,25~40,2015-07-07
88,Canaboss,,Registered 13 days              0 days,,1,0,2015-07-07
89,midwestmedical,5.00,Registered 1 years 6 months              0 days,,7,150~200,2015-07-07
90,etimbuk,4.868,Registered 7 months              0 days,,486,2000~3000,2015-07-07
91,GreenBlvd,4.824,Registered 1 years 2 months              0 days,,3,1000~1500,2015-07-07
92,Shroomson,4.96,Registered 1 years 2 months              0 days,,2,300~500,2015-07-07
93,AtomicLove,5.000,Registered 8 months              0 days,,3,500~1000,2015-07-07
94,microgirlmonroe,4.80,Registered 6 months              3 days,,13,150~200,2015-07-07
95,CZmadeMan,4.82,Registered 1 years 3 months              0 days,,29,200~300,2015-07-07
96,Cannaseed,4.87,Registered 1 years 5 months              1 days,,6,25~40,2015-07-07
97,jimmi1010,4.78,Registered 5 months              0 days,,16,100~150,2015-07-07
98,easilydone,4.91,Registered 1 years 4 months              1 days,,8,70~100,2015-07-07
99,Angelina,4.899,Registered 1 years 5 months              2 days,,26,1000~2000,2015-07-07
100,rainbowbear,4.95,Registered 1 years 4 months              0 days,,23,200~300,2015-07-07
101,CallMeJoe,4.99,Registered 1 years 1 months              0 days,,8,300~500,2015-07-07
102,blackhand,4.997,Registered 1 years 6 months              0 days,,120,1000~1500,2015-07-07
103,lostheaven007,4.93,Registered 3 months              1 days,,20,100~150,2015-07-07
104,AustralianHash,4.99,Registered 1 years 3 months              0 days,,7,300~500,2015-07-07
105,sayno2drugs,4.988,Registered 1 years 4 months              0 days,,16,1000~1500,2015-07-07
106,ozgreen,5.00,Registered 2 months              0 days,,7,150~200,2015-07-07
107,Bisto,4.921,Registered 1 years 4 months              0 days,,27,1000~2000,2015-07-07
108,permagrin,5.00,Registered 1 years 6 months              0 days,,2,100~150,2015-07-07
109,subzero!!,4.61,Registered 5 months              0 days,,45,70~100,2015-07-07
110,DeeDMT,5.00,Registered 2 months              0 days,,8,15~25,2015-07-07
111,VampireScientist,,Registered 8 days              0 days,,9, 1~2,2015-07-07
112,whiteyford,4.954,Registered 1 years 6 months              0 days,,27,1000~1500,2015-07-07
113,RichPorter,4.91,Registered 1 years 6 months              0 days,,7,200~300,2015-07-07
114,nlpower,4.89,Registered 22 days              1 days,,6,15~25,2015-07-07
115,SomeonewhoISme,5.00,Registered 7 months              0 days,,6,500~1000,2015-07-07
116,CrystalLotus,5,Registered 1 months              0 days,,16,10~15,2015-07-07
117,axa,5.00,Registered 1 years 5 months              0 days,,13,300~500,2015-07-07
118,igi123,4.99,Registered 1 years 4 months              0 days,,3,300~500,2015-07-07
119,pflegerin,4.87,Registered 1 years 6 months              0 days,,1,300~500,2015-07-07
120,OzJuice,5.00,Registered 7 months              1 days,,56,300~500,2015-07-07
121,Republic,5.00,Registered 1 years 4 months              0 days,,1,100~150,2015-07-07
122,CzechAirlines,5.00,Registered 1 months              0 days,,17,40~55,2015-07-07
123,digimon,5.00,Registered 9 months              1 days,,7,200~300,2015-07-07
124,golden_horse,5,Registered 7 days              0 days,,4,1~2,2015-07-07
125,MollyDownUnder,5.00,Registered 3 months              0 days,,4,40~55,2015-07-07
126,lifecare,4.80,Registered 1 years 1 months              1 days,,8,300~500,2015-07-07
127,Noogz,4.87,Registered 5 months              0 days,,15,500~1000,2015-07-07
128,Jaybuds,5,Registered 5 days              0 days,,8,15~25,2015-07-07
129,DigitalConnect,4.97,Registered 1 months              2 days,,7,100~150,2015-07-07
130,UKChemicals,5.00,Registered 8 months              0 days,,4,300~500,2015-07-07
131,fulltime,4.914,Registered 4 months              1 days,,31,500~1000,2015-07-07
132,canadianforger,4.974,Registered 1 years 6 months              0 days,,52,2000~3000,2015-07-07
133,fakeasanything,4.804,Registered 1 years 4 months              1 days,,6,1000~1500,2015-07-07
134,b1g1mpact,4.85,Registered 1 years 4 months              0 days,,50,500~1000,2015-07-07
135,Mike,4.65,Registered 1 years 6 months              0 days,,43,70~100,2015-07-07
136,Goldenman,4.79,Registered 3 months              0 days,,45,40~55,2015-07-07
137,TOP-CROP,5.00,Registered 1 months              0 days,,7,40~55,2015-07-07
138,Adderall,4.77,Registered 1 years 7 months              0 days,,2,70~100,2015-07-07
139,rabbithole,4.996,Registered 1 years 4 months              0 days,,4,500~1000,2015-07-07
140,aftershop,4.89,Registered 8 months              0 days,,23,300~500,2015-07-07
141,MagicMan,4.99,Registered 7 months              0 days,,17,150~200,2015-07-07
142,Just_Say_Know,4.81,Registered 10 months              4 days,,1,500~1000,2015-07-07
143,Auxilium,5,Registered 17 days              2 days,,70,6~10,2015-07-07
144,ProGear,4.922,Registered 9 months              0 days,,21,1000~2000,2015-07-07
145,Ronin2015,5.00,Registered 18 days              0 days,,6,15~25,2015-07-07
146,sambalam8,4.936,Registered 1 years 4 months              0 days,,9,500~1000,2015-07-07
147,GreatGalaxy,4.48,Registered 6 months              0 days,,101,70~100,2015-07-07
148,Talking_Tom,5.00,Registered 7 months              0 days,,24,70~100,2015-07-07
149,Doritos,4.702,Registered 1 years 1 months              0 days,,11,500~1000,2015-07-07
150,MrGuapo,5.00,Registered 2 months              0 days,,36,25~40,2015-07-07
151,NextDayValium,5.00,Registered 1 years 3 months              0 days,,5,300~500,2015-07-07
152,batcountry,4.99,Registered 1 years 6 months              0 days,,15,200~300,2015-07-07
153,HEIZZENBERG,4.97,Registered 2 months              0 days,,37,300~500,2015-07-07
154,jesusofrave,5,Registered 1 years 7 months              0 days,,10,15~25,2015-07-07
155,aussiehitsfromthebong,4.98,Registered 8 months              0 days,,4,300~500,2015-07-07
156,drugggy,5,Registered 3 days              0 days,,3,10~15,2015-07-07
157,rumpelstilzzen,4.79,Registered 6 months              0 days,,6,300~500,2015-07-07
158,EZTest,4.97,Registered 1 years 4 months              1 days,,63,500~1000,2015-07-07
159,savagehenry,5.00,Registered 3 months              0 days,,7,150~200,2015-07-07
160,europedrugs,4.927,Registered 1 years 3 months              1 days,,29,1000~1500,2015-07-07
161,Aseel,5.00,Registered 1 years 2 months              0 days,,2,15~25,2015-07-07
162,Righteous,4.966,Registered 1 years 6 months              0 days,,15,1000~2000,2015-07-07
163,JenJen,4.995,Registered 8 months              0 days,,23,500~1000,2015-07-07
164,Fanta_King,5.00,Registered 4 months              0 days,,7,100~150,2015-07-07
165,A1CRACK,4.85,Registered 3 months              0 days,,12,300~500,2015-07-07
166,rastaknight,4.88,Registered 2 months              0 days,,4,200~300,2015-07-07
167,psychotropix,4.967,Registered 1 years 1 months              0 days,,81,2000~3000,2015-07-07
168,Northwest_Nuggets,5.00,Registered 1 years 7 months              1 days,,6,500~1000,2015-07-07
169,MCSpock,5,Registered 9 days              0 days,,3,3~5,2015-07-07
170,moggymoo,4.99,Registered 8 months              0 days,,9,100~150,2015-07-07
171,TS420,4.95,Registered 3 months              0 days,,16,200~300,2015-07-07
172,UltraViolet-Agora,5.00,Registered 6 months              0 days,,3,25~40,2015-07-07
173,LeifGW,4.59,Registered 5 months              5 days,,19,25~40,2015-07-07
174,ickysticky,5.00,Registered 5 months             On Vacation Mode since 5 hours,,4,300~500,2015-07-07
175,MrSaturn,4.957,Registered 1 years 4 months              0 days,,31,500~1000,2015-07-07
176,LittleFrenchies,4.92,Registered 9 months              0 days,,10,100~150,2015-07-07
177,REALDEAL,4.94,Registered 1 years 4 months              0 days,,14,300~500,2015-07-07
178,THECOOKS,4.61,Registered 6 months              0 days,,8,100~150,2015-07-07
179,Chroncentrates,4.94,Registered 2 months              0 days,,30,300~500,2015-07-07
180,DeemzBeemz,4.966,Registered 1 years 6 months              0 days,,5,500~1000,2015-07-07
181,DrugsINC,5,Registered 5 months              0 days,,3,10~15,2015-07-07
182,bionik,4.95,Registered 1 years 4 months              0 days,,8,300~500,2015-07-07
183,maligan,5.000,Registered 1 years 6 months              0 days,,7,500~1000,2015-07-07
184,PharmacyNorway,4.04,Registered 7 months              2 days,,9,25~40,2015-07-07
185,carebears,4.88,Registered 6 months              0 days,,4,40~55,2015-07-07
186,CaptainZap,5,Registered 21 days              0 days,,5,6~10,2015-07-07
187,weednation,5.00,Registered 1 years 5 months              0 days,,3,300~500,2015-07-07
188,cannabisrailroad,4.99,Registered 8 months              1 days,,2,300~500,2015-07-07
189,HurryUpandBuy,4.64,Registered 5 months              1 days,,12,100~150,2015-07-07
190,Dr-Lude,4.97,Registered 5 months              0 days,,4,100~150,2015-07-07
191,NATURALDRUG,5,Registered 3 months              0 days,,7,6~10,2015-07-07
192,Ziplokk,4.99,Registered 5 months              0 days,,6,300~500,2015-07-07
193,ozexpress,4.945,Registered 1 years 4 months              0 days,,12,500~1000,2015-07-07
194,re1oad,4,Registered 1 years 4 months              2 days,,6,6~10,2015-07-07
195,TrustedFOX,5,Registered 4 months              0 days,,16,15~25,2015-07-07
196,Weeeeeed,4.89,Registered 24 days              0 days,,9,100~150,2015-07-07
197,Christy_Nugs,4.993,Registered 1 years 3 months              0 days,,4,500~1000,2015-07-07
198,mikehamer,4.90,Registered 1 years 5 months              0 days,,33,300~500,2015-07-07
199,TheEntity,4.95,Registered 1 years 4 months              1 days,,2,300~500,2015-07-07
200,Mrweed,4.97,Registered 3 months              0 days,,8,150~200,2015-07-07
201,FoxyRoxy,4.99,Registered 2 months              0 days,,4,100~150,2015-07-07
202,KingsHabit,4.70,Registered 1 years 5 months              1 days,,11,300~500,2015-07-07
203,Thehater90,5.00,Registered 3 months              0 days,,15,15~25,2015-07-07
204,GreenMountainMan,4.92,Registered 10 months              0 days,,13,500~1000,2015-07-07
205,huntersthompson,4.846,Registered 1 years 3 months              0 days,,6,500~1000,2015-07-07
206,Panoramix,4.98,Registered 6 months              0 days,,7,300~500,2015-07-07
207,Montfort,4.918,Registered 11 months              0 days,,97,1000~1500,2015-07-07
208,puffinbilly,4.998,Registered 7 months              0 days,,7,500~1000,2015-07-07
209,DreamWeaver,4.974,Registered 1 years 4 months              0 days,,6,500~1000,2015-07-07
210,blueberriepie,5.00,Registered 6 months              6 days,,3,40~55,2015-07-07
211,snakeoil,4.98,Registered 1 years 4 months              0 days,,6,200~300,2015-07-07
212,Dipsy,4.75,Registered 1 years 6 months              0 days,,7,100~150,2015-07-07
213,MrSunshine,4.672,Registered 1 years 6 months              1 days,,74,1000~2000,2015-07-07
214,CQDX,4.993,Registered 7 months              2 days,,13,500~1000,2015-07-07
215,Datgurlgo,4.61,Registered 1 years 3 months              1 days,,8,300~500,2015-07-07
216,bestaussiegear,4.947,Registered 1 years 0 months              0 days,,24,2000~3000,2015-07-07
217,2cbking,5.00,Registered 3 months              0 days,,2,200~300,2015-07-07
218,budgetstoreUK,4.678,Registered 7 months              2 days,,14,1000~1500,2015-07-07
219,AusMate,4.964,Registered 1 years 5 months              0 days,,35,1000~1500,2015-07-07
220,SeattlesBestCannabis,4.986,Registered 1 years 0 months              1 days,,17,1000~1500,2015-07-07
221,VIPSMOKE,4.95,Registered 10 months              0 days,,17,200~300,2015-07-07
222,MerckKGaA,4.923,Registered 4 months              0 days,,106,3000~4000,2015-07-07
223,DMTME,5.00,Registered 1 months              0 days,,13,15~25,2015-07-07
224,DoctorNick,4.89,Registered 1 years 4 months              0 days,,16,300~500,2015-07-07
225,subwaygal,5.00,Registered 1 years 6 months              0 days,,5,55~70,2015-07-07
226,projectHustle,,Registered 17 days              0 days,,9, 6~10,2015-07-07
227,KittenHuffer,4.974,Registered 1 years 3 months              0 days,,7,500~1000,2015-07-07
228,DrugsAnarchyUK,4.98,Registered 2 months              0 days,,16,200~300,2015-07-07
229,Caslava,4.969,Registered 1 years 4 months              0 days,,18,1000~1500,2015-07-07
230,passman,4.957,Registered 1 years 6 months              1 days,,159,2000~3000,2015-07-07
231,OneKing,4.59,Registered 9 months              0 days,,25,200~300,2015-07-07
232,cannabis-king,4.880,Registered 1 years 1 months             On Vacation Mode since 23 hours,,71,3000~4000,2015-07-07
233,Croix,4.99,Registered 7 months              1 days,,8,100~150,2015-07-07
234,fastandsafe1234,4.783,Registered 1 years 2 months              1 days,,6,500~1000,2015-07-07
235,ChinatownChemist,4.97,Registered 7 months              0 days,,18,500~1000,2015-07-07
236,accept,4.961,Registered 7 months              1 days,,27,500~1000,2015-07-07
237,arctic,4.988,Registered 1 years 4 months              0 days,,1,500~1000,2015-07-07
238,Svnslick,4.86,Registered 3 months              1 days,,6,25~40,2015-07-07
239,GreenStreet,4.95,Registered 11 months              0 days,,5,150~200,2015-07-07
240,Apotheke,4.933,Registered 1 years 0 months              2 days,,55,1000~1500,2015-07-07
241,Mr.Lewis,4.880,Registered 1 years 4 months              0 days,,41,1000~2000,2015-07-07
242,J_Rock,5.00,Registered 25 days             On Vacation Mode since 1 days 15 hours,,4,150~200,2015-07-07
243,The_Free_Marketeer,4.98,Registered 6 months              0 days,,8,150~200,2015-07-07
244,swisshound78,4.93,Registered 1 years 4 months              0 days,,8,150~200,2015-07-07
245,insta_grams,4.90,Registered 1 years 4 months              0 days,,9,300~500,2015-07-07
246,ferrisbueller,4.929,Registered 1 years 6 months              0 days,,15,500~1000,2015-07-07
247,Oikos,5.00,Registered 1 years 1 months              0 days,,2,300~500,2015-07-07
248,xdoc,5.00,Registered 1 years 6 months              2 days,,19,150~200,2015-07-07
249,ogbryan,4.973,Registered 1 years 4 months              0 days,,4,1000~1500,2015-07-07
250,Deeko,4.96,Registered 3 months              0 days,,32,500~1000,2015-07-07
251,TheBestCannabis,4.959,Registered 1 years 4 months              0 days,,162,1000~1500,2015-07-07
252,The-Dabbler,5.00,Registered 3 months              0 days,,4,100~150,2015-07-07
253,LustigeZeit,3,Registered 1 months              1 days,,2,3~5,2015-07-07
254,Mr_Biz,4.97,Registered 3 months              0 days,,15,200~300,2015-07-07
255,vicious86,4.995,Registered 1 years 6 months              0 days,,11,1000~2000,2015-07-07
256,MountainFreshDoobs,4.80,Registered 8 months              0 days,,4,40~55,2015-07-07
257,NorthEast,5,Registered 10 days              0 days,,4,10~15,2015-07-07
258,VladdyRS,4.948,Registered 1 years 2 months              1 days,,14,500~1000,2015-07-07
259,ClivePalmer,4.91,Registered 1 years 0 months              0 days,,9,70~100,2015-07-07
260,PaulSimon,5.00,Registered 1 months              0 days,,10,25~40,2015-07-07
261,MrNiceGuy007,4.82,Registered 1 years 6 months              0 days,,10,300~500,2015-07-07
262,DutchDeal,4.97,Registered 1 years 6 months              0 days,,28,200~300,2015-07-07
263,Dr.FeelGoodMeds,4.97,Registered 3 months              0 days,,14,500~1000,2015-07-07
264,klicka,5.00,Registered 1 years 1 months              0 days,,41,150~200,2015-07-07
265,OnePiece,4.927,Registered 5 months              0 days,,333,1000~1500,2015-07-07
266,SolidSupply,4.97,Registered 2 months              0 days,,28,300~500,2015-07-07
267,GoodCitizensAU,4.91,Registered 3 months              1 days,,23,100~150,2015-07-07
268,NXTLEVEL,4.00,Registered 4 months              3 days,,18,15~25,2015-07-07
269,Dogkingdom,4.99,Registered 6 months              2 days,,10,100~150,2015-07-07
270,Behappy008,4.881,Registered 11 months              0 days,,6,500~1000,2015-07-07
271,junglebunny318,5.00,Registered 11 months              0 days,,6,200~300,2015-07-07
272,JustSmuggledN!,4.830,Registered 1 years 4 months              1 days,,33,2000~3000,2015-07-07
273,Sleeper77,4.77,Registered 24 days              0 days,,11,25~40,2015-07-07
274,HederalExpress,4.847,Registered 8 months              0 days,,17,1000~2000,2015-07-07
275,ajaxfc,4.95,Registered 1 months              0 days,,13,300~500,2015-07-07
276,TeamLotus,5.00,Registered 7 months              0 days,,40,200~300,2015-07-07
277,threegold,4.84,Registered 11 months              0 days,,22,200~300,2015-07-07
278,The_L,4.819,Registered 6 months              0 days,,37,1000~2000,2015-07-07
279,TheRoyalOil,4.65,Registered 1 years 4 months              0 days,,15,200~300,2015-07-07
280,The_Drug_Store,4.97,Registered 2 months              0 days,,6,500~1000,2015-07-07
281,only-dmt-fromtj,5,Registered 14 days              6 days,,7,3~5,2015-07-07
282,QualityHydroBuds,4.963,Registered 1 years 5 months              0 days,,4,500~1000,2015-07-07
283,AmishMafia,5.00,Registered 1 years 4 months              1 days,,10,300~500,2015-07-07
284,XanaxPharm,4.88,Registered 1 months              0 days,,8,100~150,2015-07-07
285,fromustou,4.688,Registered 1 years 3 months              0 days,,145,1000~1500,2015-07-07
286,goodman12345,4.96,Registered 6 months              1 days,,5,200~300,2015-07-07
287,lambdapharma,5.00,Registered 8 months              1 days,,11,40~55,2015-07-07
288,Atacori,,Registered 3 days              3 days,,2,0,2015-07-07
289,budwax,4.60,Registered 5 months              0 days,,34,150~200,2015-07-07
290,dehs,4.73,Registered 5 months              0 days,,15,55~70,2015-07-07
291,HollyMolly,5.00,Registered 1 years 6 months              0 days,,11,150~200,2015-07-07
292,yaoming-ukevolution,4.837,Registered 3 months              0 days,,106,500~1000,2015-07-07
293,ROCKETCHEM,4.83,Registered 5 months              0 days,,111,40~55,2015-07-07
294,BazBiftage,4.95,Registered 3 months              1 days,,12,200~300,2015-07-07
295,Markovich,4.965,Registered 1 years 6 months              2 days,,37,3000~4000,2015-07-07
296,cashtrade,5.00,Registered 9 months              2 days,,6,15~25,2015-07-07
297,cannabuddy,4.88,Registered 1 months              0 days,,25,100~150,2015-07-07
298,eurogreen1,4.954,Registered 1 years 3 months              0 days,,19,500~1000,2015-07-07
299,gammagoblin,4.986,Registered 1 years 5 months              0 days,,17,2000~3000,2015-07-07
300,Swazibudbud888,5.00,Registered 1 years 4 months              0 days,,11,55~70,2015-07-07
301,Dr.Prof.Med.Apotheker,5.00,Registered 21 days              0 days,,12,100~150,2015-07-07
302,MDPro,4.94,Registered 5 months              0 days,,1,40~55,2015-07-07
303,USA-To-USA-DrugStore,5.00,Registered 4 months              0 days,,17,100~150,2015-07-07
304,BudBoss,4.620,Registered 1 years 4 months              0 days,,37,500~1000,2015-07-07
305,mittacoin,4.97,Registered 2 months              2 days,,8,40~55,2015-07-07
306,top-grade-link,5.00,Registered 2 months              0 days,,5,40~55,2015-07-07
307,AUsTORe,4.940,Registered 8 months              0 days,,53,1000~1500,2015-07-07
308,RingoDeathstarr,4.985,Registered 1 years 4 months              1 days,,8,500~1000,2015-07-07
309,Sargon,4.99,Registered 3 months              1 days,,9,150~200,2015-07-07
310,MRUKSBEST,4.782,Registered 1 years 3 months             On Vacation Mode since 3 hours                             |  Restricted/scamming investigation.,,10,500~1000,2015-07-07
311,StarburstCandy,4.98,Registered 4 months              0 days,,2,150~200,2015-07-07
312,cashflow,4.84,Registered 1 years 4 months              0 days,,2,200~300,2015-07-07
313,CarlBildt,4.74,Registered 1 years 4 months              2 days,,36,200~300,2015-07-07
314,darkoxyking,5.00,Registered 5 months              0 days,,7,15~25,2015-07-07
315,StudyingSteve,5,Registered 12 days              0 days,,3,1~2,2015-07-07
316,MissMollyNL,,Registered 15 days              0 days,,22,0,2015-07-07
317,SusnaSmith,4.988,Registered 1 years 6 months              1 days,,6,2000~3000,2015-07-07
318,MeyerLansky2,4.88,Registered 1 years 2 months              0 days,,31,300~500,2015-07-07
319,PlantShop,4.95,Registered 1 months              0 days,,4,15~25,2015-07-07
320,ProfWeed,5.00,Registered 1 months              0 days,,21,100~150,2015-07-07
321,QuikConnect,4.96,Registered 1 years 4 months              0 days,,14,300~500,2015-07-07
322,realsupremesmoke,4.932,Registered 1 years 5 months              0 days,,9,1000~2000,2015-07-07
323,reefer,5,Registered 23 days              0 days,,8,1~2,2015-07-07
324,ConcentratesKing,4.981,Registered 1 years 3 months              0 days,,29,3000~4000,2015-07-07
325,bob-bitchin,4.81,Registered 1 years 4 months              1 days,,3,25~40,2015-07-07
326,Zeus,4.951,Registered 1 years 4 months              0 days,,39,3000~4000,2015-07-07
327,pablo-ijscobar,4.97,Registered 7 months              0 days,,18,300~500,2015-07-07
328,High-Society,4.873,Registered 8 months              1 days,,40,1000~1500,2015-07-07
329,Edruga,5.00,Registered 1 months              0 days,,6,40~55,2015-07-07
330,james2000white,4,Registered 1 months              0 days,,5,6~10,2015-07-07
331,omooq,5.00,Registered 1 years 4 months              0 days,,2,150~200,2015-07-07
332,Petch,4.986,Registered 1 years 4 months              0 days,,21,3000~4000,2015-07-07
333,BreezeTheGnome,4.92,Registered 7 months              4 days,,17,200~300,2015-07-07
334,RechardSport,5.00,Registered 5 months              0 days,,133,70~100,2015-07-07
335,Dutch_supplies,5,Registered 22 days              0 days,,9,6~10,2015-07-07
336,TheReason,5.00,Registered 1 months              1 days,,6,10~15,2015-07-07
337,SwissChosek,4.94,Registered 3 months              0 days,,8,70~100,2015-07-07
338,CB2013,4.966,Registered 1 years 7 months              0 days,,11,2000~3000,2015-07-07
339,ShopWithUs,4.80,Registered 8 months              5 days,,49,300~500,2015-07-07
340,CharlieBrownCo.,5.00,Registered 1 months              0 days,,36,150~200,2015-07-07
341,SuperHappyFunTimes,,Registered 1 days              0 days,,13,0,2015-07-07
342,owlcity,4.87,Registered 6 months              0 days,,5,500~1000,2015-07-07
343,MrDMT,5.00,Registered 1 months              0 days,,8,70~100,2015-07-07
344,MyceliumMarket,4.84,Registered 9 months              0 days,,9,100~150,2015-07-07
345,HeadacheHealer,5,Registered 20 days              0 days,,2,6~10,2015-07-07
346,technohippy,4.930,Registered 1 years 5 months              0 days,,24,1000~2000,2015-07-07
347,Mozzie_,5,Registered 10 days              0 days,,15,3~5,2015-07-07
348,HappyDrugs,4.85,Registered 1 years 1 months              0 days,,33,300~500,2015-07-07
349,DankBoss101,4.967,Registered 1 years 4 months              1 days,,2,500~1000,2015-07-07
350,UnitedNations,4.98,Registered 12 months              0 days,,3,300~500,2015-07-07
351,juicyfruits,4.58,Registered 1 years 5 months              5 days,,7,10~15,2015-07-07
352,preview-of-freedom,4.952,Registered 1 years 1 months              0 days,,33,500~1000,2015-07-07
353,bcdirect,4.865,Registered 1 years 4 months              0 days,,17,1000~1500,2015-07-07
354,NextGeneration,5.00,Registered 3 months              0 days,,13,300~500,2015-07-07
355,gogogoz,4.96,Registered 1 years 4 months              0 days,,10,300~500,2015-07-07
356,flawlessfakeids,5.00,Registered 1 years 6 months              0 days,,12,100~150,2015-07-07
357,medibuds,4.975,Registered 1 years 7 months              1 days,,48,5000+,2015-07-07
358,dragonfly.de,5.00,Registered 11 days              0 days,,6,15~25,2015-07-07
359,SacDirtyCrew,4.72,Registered 4 months              0 days,,7,100~150,2015-07-07
360,FromAmsterdam,4.96,Registered 3 months              0 days,,12,300~500,2015-07-07
361,turtlehead,4.68,Registered 3 months              0 days,,3,70~100,2015-07-07
362,Aplus,4.94,Registered 3 months              0 days,,12,300~500,2015-07-07
363,Xtremenutrition,5,Registered 3 months              0 days,,22,10~15,2015-07-07
364,2ndamendman,5,Registered 1 months              3 days,,3,1~2,2015-07-07
365,Roxtar,4.82,Registered 1 years 4 months              0 days,,3,25~40,2015-07-07
366,Mad-Men-BC,5.00,Registered 1 months              0 days,,1,10~15,2015-07-07
367,L0rzo,4.98,Registered 1 years 4 months              0 days,,11,100~150,2015-07-07
368,project_mayhem,4.91,Registered 9 months              2 days,,1,100~150,2015-07-07
369,darkplace,,Registered 8 days              0 days,,2,0,2015-07-07
370,Mr.Flako,5.00,Registered 24 days              0 days,,26,70~100,2015-07-07
371,montana1933,4.909,Registered 1 years 4 months              0 days,,79,1000~1500,2015-07-07
372,rxman,4.985,Registered 1 years 6 months              0 days,,18,1000~1500,2015-07-07
373,XTandMD,4.95,Registered 1 years 4 months              0 days,,44,70~100,2015-07-07
374,MrHigh4Life,4.95,Registered 6 months              1 days,,11,200~300,2015-07-07
375,PharmacyX,4.89,Registered 1 years 4 months              1 days,,2,100~150,2015-07-07
376,Barterer,5.00,Registered 4 months              0 days,,10,25~40,2015-07-07
377,EvanderHolyfield,4.949,Registered 1 years 2 months              0 days,,10,500~1000,2015-07-07
378,DrRx,4.999,Registered 11 months              1 days,,10,3000~4000,2015-07-07
379,bestman365,4.870,Registered 1 years 3 months              0 days,,2,2000~3000,2015-07-07
380,onyx64,4.971,Registered 1 years 4 months              0 days,,10,500~1000,2015-07-07
381,ArmyOfThePharaohs,5.00,Registered 2 months              3 days,,20,25~40,2015-07-07
382,zunidog,4.888,Registered 1 years 4 months              0 days,,136,500~1000,2015-07-07
383,cerberus,4.871,Registered 1 years 6 months              0 days,,105,500~1000,2015-07-07
384,DeepMeds,5.00,Registered 2 months              1 days,,43,40~55,2015-07-07
385,CubensisKing,4.85,Registered 2 months              3 days,,1,15~25,2015-07-07
386,guyonthecorner,5,Registered 5 days              0 days,,21,10~15,2015-07-07
387,hubba_bubba,5,Registered 10 days              1 days,,2,1~2,2015-07-07
388,boomers,4.971,Registered 1 years 6 months              0 days,,29,1000~1500,2015-07-07
389,EuroRX,4.80,Registered 4 months              0 days,,61,200~300,2015-07-07
390,LibertyScales,4.90,Registered 7 months              0 days,,11,70~100,2015-07-07
391,SAGreat,4.97,Registered 8 months              0 days,,13,300~500,2015-07-07
392,ganjadoctor,4.94,Registered 3 months              0 days,,4,55~70,2015-07-07
393,iRave,4.96,Registered 3 months              0 days,,9,300~500,2015-07-07
394,DrWhite,4.94,Registered 1 years 5 months              0 days,,37,300~500,2015-07-07
395,Supersolid,4.971,Registered 11 months              0 days,,17,2000~3000,2015-07-07
396,StealthPharmacy,4.990,Registered 3 months              0 days,,36,500~1000,2015-07-07
397,peterpan1234,4.95,Registered 1 years 1 months              0 days,,7,200~300,2015-07-07
398,Tron,4.95,Registered 1 years 2 months              2 days,,3,300~500,2015-07-07
399,Remedyplus,4.84,Registered 3 months              0 days,,141,100~150,2015-07-07
400,rave2dagrave,4.96,Registered 6 months              0 days,,5,300~500,2015-07-07
401,BaronJOY,4.97,Registered 2 months              0 days,,5,100~150,2015-07-07
402,purposechem,5.00,Registered 22 days              0 days,,3,15~25,2015-07-07
403,Chems_Usa,4.92,Registered 5 months              0 days,,23,200~300,2015-07-07
404,MR-O.,5.00,Registered 1 months              0 days,,10,10~15,2015-07-07
405,ThePinkPanther,4.89,Registered 4 months              0 days,,41,200~300,2015-07-07
406,NorthwestHarvest,5.00,Registered 1 months              0 days,,32,300~500,2015-07-07
407,_BIC_,5,Registered 16 days              0 days,,18,6~10,2015-07-07
408,PsyStorm,4.923,Registered 3 months              1 days,,5,500~1000,2015-07-07
409,Ace_Of_Spades,,,,,,2015-07-07
410,Straightbiz,5.00,Registered 1 years 3 months              0 days,,28,300~500,2015-07-07
411,aussiegear,5.00,Registered 1 years 6 months              0 days,,6,100~150,2015-07-07
412,tapatio,4.81,Registered 5 months              7 days,,14,70~100,2015-07-07
413,lostheaven,4.914,Registered 1 years 5 months              0 days,,101,3000~4000,2015-07-07
414,shadok,5,Registered 7 months              0 days,,8,6~10,2015-07-07
415,StarDockGaLiX,4.906,Registered 1 years 6 months              0 days,,9,500~1000,2015-07-07
416,SweetSpot,4.99,Registered 10 months              1 days,,6,100~150,2015-07-07
417,Drdouglas,5.00,Registered 6 months              0 days,,22,25~40,2015-07-07
418,NEON9009,,Registered 4 months              0 days,,8,0,2015-07-07
419,pureforsure,4.87,Registered 10 months              0 days,,22,500~1000,2015-07-07
420,CocainsPlace,4.92,Registered 4 months              0 days,,51,150~200,2015-07-07
421,stussy,5.00,Registered 1 years 1 months              2 days,,2,300~500,2015-07-07
422,bluerave,4.986,Registered 1 years 5 months              0 days,,138,1000~1500,2015-07-07
423,Spinifex,4.98,Registered 1 years 5 months              0 days,,6,300~500,2015-07-07
424,NORWEGIANcom,4.98,Registered 1 years 2 months              1 days,,22,500~1000,2015-07-07
425,Masakari,5,Registered 11 days              0 days,,2,1~2,2015-07-07
426,VanillaSky,4.988,Registered 1 years 7 months              0 days,,7,500~1000,2015-07-07
427,420express,4.95,Registered 9 months              0 days,,0,300~500,2015-07-07
428,leonardthecat,4.96,Registered 1 years 4 months              0 days,,6,300~500,2015-07-07
429,Fent4you,4.98,Registered 7 months              0 days,,13,500~1000,2015-07-07
430,OZMarket,5.00,Registered 1 years 5 months              0 days,,2,25~40,2015-07-07
431,drfeelgood2015,5,Registered 8 days              0 days,,6,1~2,2015-07-07
432,listonishere,4.908,Registered 1 years 0 months              0 days,,51,1000~2000,2015-07-07
433,RXChemist,4.810,Registered 1 years 1 months              0 days,,617,2000~3000,2015-07-07
434,420swe,4.89,Registered 2 months              0 days,,9,100~150,2015-07-07
435,medsforyou,4.994,Registered 1 years 4 months              0 days,,24,1000~2000,2015-07-07
436,ForeverStrung,5.00,Registered 1 years 3 months              0 days,,6,100~150,2015-07-07
437,ingos-pharma,5,Registered 5 months              0 days,,8,1~2,2015-07-07
438,CannaKing,5.00,Registered 7 months              0 days,,9,500~1000,2015-07-07
439,BenzoBlotters,5,Registered 13 days              0 days,,4,6~10,2015-07-07
440,FoxHoundNorway,4.87,Registered 3 months              0 days,,8,70~100,2015-07-07
441,project4,4.861,Registered 1 years 5 months              0 days,,19,2000~3000,2015-07-07
442,greatstuff,4.65,Registered 6 months              0 days,,5,100~150,2015-07-07
443,Pharmak1ng,5.00,Registered 4 months              0 days,,7,55~70,2015-07-07
444,DMT-lovestore2,4.94,Registered 7 months              0 days,,3,150~200,2015-07-07
445,GucciBuds,4.92,Registered 1 years 3 months              0 days,,2,500~1000,2015-07-07
446,MaryAndMolly,4.87,Registered 10 months              0 days,,17,150~200,2015-07-07
447,MrCronk,4.943,Registered 1 years 6 months              0 days,,120,5000+,2015-07-07
448,BudIndustries,4.98,Registered 3 months              0 days,,16,150~200,2015-07-07
449,Peddler,5.00,Registered 1 years 0 months              0 days,,1,55~70,2015-07-07
450,Weedy,4.99,Registered 5 months              0 days,,6,300~500,2015-07-07
451,MAHAKALA108,4.977,Registered 7 months              0 days,,14,1000~1500,2015-07-07
452,k24z2,,Registered 4 days              0 days,,2,0,2015-07-07
453,TheRealNurseJoy,4.846,Registered 1 years 1 months              0 days,,22,500~1000,2015-07-07
454,Cloud9Products,4.87,Registered 7 months              0 days,,18,500~1000,2015-07-07
455,UKWHITE,4.881,Registered 1 years 5 months              0 days,,30,1000~1500,2015-07-07
456,TheBlotterShop,4.96,Registered 3 months              1 days,,3,100~150,2015-07-07
457,joeyanderson,4.966,Registered 1 years 0 months              0 days,,18,1000~1500,2015-07-07
458,carlos_lopez,4.955,Registered 1 years 6 months              0 days,,4,500~1000,2015-07-07
459,Promoline2,4.61,Registered 24 days              0 days,,32,55~70,2015-07-07
460,TrappeddownSouth,4.99,Registered 16 days              0 days,,13,100~150,2015-07-07
461,BudsBuds1,4.52,Registered 1 years 2 months              2 days,,8,70~100,2015-07-07
462,maxhavelaar,4.91,Registered 1 years 6 months              1 days,,19,100~150,2015-07-07
463,Fappy,4.923,Registered 1 years 4 months              2 days,,76,2000~3000,2015-07-07
464,AussieDrugStore,5.00,Registered 1 months              0 days,,14,70~100,2015-07-07
465,Clausewitz,4.81,Registered 1 years 0 months              5 days,,6,15~25,2015-07-07
466,dutchelite,4.89,Registered 1 years 0 months              0 days,,27,300~500,2015-07-07
467,agentmia,5,Registered 15 days              0 days,,4,6~10,2015-07-07
468,fnugs,4.80,Registered 3 months             On Vacation Mode since 1 days 3 hours,,10,55~70,2015-07-07
469,fattuesday_13,4.93,Registered 4 months              0 days,,13,150~200,2015-07-07
470,MisterBlow,4.70,Registered 3 months              0 days,,11,100~150,2015-07-07
471,DutchSupply,4.89,Registered 4 months              2 days,,15,100~150,2015-07-07
472,FastDonut,,Registered 2 days              0 days,,6,0,2015-07-07
473,NeuralNirvana,5,Registered 2 months              0 days,,6,10~15,2015-07-07
474,YinYangWeed,4.77,Registered 3 months              0 days,,16,40~55,2015-07-07
475,mrfields,4.99,Registered 1 years 4 months              0 days,,11,300~500,2015-07-07
476,CannaconcentrateUK,4.96,Registered 2 months              0 days,,10,100~150,2015-07-07
477,letsbreakbread,,Registered 7 days              0 days,,1,0,2015-07-07
478,QuickLick,4.951,Registered 5 months              1 days,,29,500~1000,2015-07-07
479,NW-Frosties,5,Registered 2 days              0 days,,16,15~25,2015-07-07
480,StreakFree,4,Registered 17 days              3 days,,3,6~10,2015-07-07
481,Bake-My-Day,4.82,Registered 1 years 4 months              0 days,,7,150~200,2015-07-07
482,UndergroundKings,4.98,Registered 7 months              0 days,,29,500~1000,2015-07-07
483,GoombaShop,4.96,Registered 1 years 1 months              0 days,,4,200~300,2015-07-07
484,medsXpress,4.93,Registered 5 months              0 days,,11,500~1000,2015-07-07
485,MechWarrior,,Registered 21 days              0 days,,1,0,2015-07-07
486,goingpOZtal,4.88,Registered 8 months              0 days,,59,150~200,2015-07-07
487,colocures,4.88,Registered 7 months              1 days,,14,25~40,2015-07-07
488,TheLittleGuys,4.983,Registered 1 years 4 months              0 days,,15,1000~2000,2015-07-07
489,Lumitrade,4.59,Registered 4 months              1 days,,16,70~100,2015-07-07
490,deepbay,5.00,Registered 5 months              0 days,,5,55~70,2015-07-07
491,jyxshop,5,Registered 17 days              0 days,,3,1~2,2015-07-07
492,Tom.Ford,5,Registered 3 days              0 days,,5,1~2,2015-07-07
493,syntheticsolutions,4.97,Registered 7 months              0 days,,22,500~1000,2015-07-07
494,Dabdeals,5,Registered 20 days              0 days,,20,3~5,2015-07-07
495,SafeCoin,5.00,Registered 1 years 0 months              0 days,,2,40~55,2015-07-07
496,Partyflocknl,5.00,Registered 2 months              0 days,,21,25~40,2015-07-07
497,COLES,4.94,Registered 1 years 3 months              0 days,,6,150~200,2015-07-07
498,GotTheProduct,5.00,Registered 1 years 2 months              0 days,,3,100~150,2015-07-07
499,MeltDown,4.92,Registered 1 years 6 months              1 days,,6,100~150,2015-07-07
500,cyberzen,4.925,Registered 1 years 5 months              0 days,,280,3000~4000,2015-07-07
501,NOCTURN4L,4.767,Registered 1 years 6 months              0 days,,6,1000~1500,2015-07-07
502,klosterbier,4.73,Registered 1 years 6 months              0 days,,161,200~300,2015-07-07
503,Doctor.Drugs,4.993,Registered 4 months              0 days,,18,500~1000,2015-07-07
504,itewqq,4.986,Registered 1 years 2 months              1 days,,46,1000~2000,2015-07-07
505,rbd2abc,5,Registered 22 days              0 days,,3,3~5,2015-07-07
506,LukeHighWalker,4.96,Registered 8 months              0 days,,6,200~300,2015-07-07
507,NWCannabis,4.99,Registered 3 months              1 days,,1,100~150,2015-07-07
508,smart666tiger,4.78,Registered 1 years 5 months              2 days,,99,500~1000,2015-07-07
509,koptevo,4.91,Registered 1 years 4 months              0 days,,28,300~500,2015-07-07
510,yos,5.00,Registered 9 months              5 days,,2,40~55,2015-07-07
511,TrustnStealthy,5.00,Registered 10 days              0 days,,16,25~40,2015-07-07
512,captainkirk,4.982,Registered 1 years 3 months              0 days,,1362,5000+,2015-07-07
513,psychedelian,4.823,Registered 1 years 6 months              0 days,,22,500~1000,2015-07-07
514,breaking_bad,4.87,Registered 6 months              0 days,,6,70~100,2015-07-07
515,abcgo,4.85,Registered 6 months              0 days,,21,300~500,2015-07-07
516,fake,4.816,Registered 1 years 6 months              0 days,,587,2000~3000,2015-07-07
517,03welle,4.880,Registered 1 years 4 months              0 days,,6,1000~1500,2015-07-07
518,Noumena,4.98,Registered 1 months              0 days,,3,300~500,2015-07-07
519,BCBUDKING,5.00,Registered 1 years 6 months              0 days,,7,300~500,2015-07-07
520,spacejam023,4.97,Registered 4 months              0 days,,13,150~200,2015-07-07
521,Expressities,4.93,Registered 19 days              0 days,,9,150~200,2015-07-07
522,iFake,4,Registered 21 days              1 days,,3,3~5,2015-07-07
523,steroidlab,5.00,Registered 1 months              1 days,,21,15~25,2015-07-07
524,SouthsideCartel,5.00,Registered 6 months              0 days,,4,100~150,2015-07-07
525,Mistika_drugs,5.00,Registered 23 days              0 days,,19,40~55,2015-07-07
526,BobaFet,,Registered 8 days              0 days,,10,0,2015-07-07
527,Avalokitesvara,5.00,Registered 1 months              3 days,,10,100~150,2015-07-07
528,ukmeds,4.963,Registered 1 years 3 months              0 days,,24,1000~2000,2015-07-07
529,DrJay,5.00,Registered 8 months              0 days,,14,100~150,2015-07-07
530,theben,4.89,Registered 1 years 2 months              0 days,,178,100~150,2015-07-07
531,Canjam420,4.99,Registered 10 months              0 days,,10,150~200,2015-07-07
532,QualityRx,4.940,Registered 4 months              1 days,,35,500~1000,2015-07-07
533,Skiffle,4.86,Registered 1 years 2 months              0 days,,3,100~150,2015-07-07
534,elPacko,4.923,Registered 8 months              2 days,,15,500~1000,2015-07-07
535,WeedMasterUK,4.71,Registered 7 months              0 days,,27,100~150,2015-07-07
536,TheCookieMan,5,Registered 14 days              0 days,,6,1~2,2015-07-07
537,littlemissy,5.00,Registered 11 months              0 days,,1,200~300,2015-07-07
538,Utopic,4.862,Registered 1 years 4 months              0 days,,29,1000~2000,2015-07-07
539,ModernLove,4.980,Registered 1 years 4 months              0 days,,8,1000~1500,2015-07-07
540,FerrariBlack1,4.904,Registered 1 years 5 months              0 days,,22,500~1000,2015-07-07
541,Battista,4.970,Registered 1 years 3 months              0 days,,13,500~1000,2015-07-07
542,TessellatedMDMA,4.96,Registered 7 months              0 days,,4,300~500,2015-07-07
543,freakyfelineone,,Registered 1 months              4 days,,6,0,2015-07-07
544,Rosalie,4.98,Registered 1 years 4 months              0 days,,2,70~100,2015-07-07
545,UKPharma,4.993,Registered 1 years 5 months              0 days,,12,1000~1500,2015-07-07
546,dotz.vuss,4.98,Registered 8 months              1 days,,23,500~1000,2015-07-07
547,TheResistance,4.99,Registered 1 years 4 months              1 days,,34,300~500,2015-07-07
548,TheFriendlyChemist,4.76,Registered 1 years 4 months              0 days,,11,200~300,2015-07-07
549,happyday,4.03,Registered 1 years 2 months              0 days,,19,100~150,2015-07-07
550,Pharm2U,4.962,Registered 1 years 2 months              0 days,,48,500~1000,2015-07-07
551,high-test,5.00,Registered 3 months              0 days,,1,200~300,2015-07-07
552,james570,5.00,Registered 4 months              1 days,,6,10~15,2015-07-07
553,New_demension,3,Registered 4 months              0 days,,53,15~25,2015-07-07
554,William_Shatner,4.986,Registered 1 years 5 months              0 days,,8,500~1000,2015-07-07
555,UKNextDay,4.950,Registered 1 years 4 months              0 days,,12,2000~3000,2015-07-07
556,FungusAmongUs,5.00,Registered 3 months              0 days,,6,100~150,2015-07-07
557,EbookShop,5,Registered 8 days              0 days,,187,15~25,2015-07-07
558,Canna-Juice,5.00,Registered 15 days              0 days,,10,15~25,2015-07-07
559,reallytired,4.98,Registered 1 years 2 months              0 days,,6,100~150,2015-07-07
560,thesecretsociety,4.950,Registered 1 years 2 months              1 days,,44,1000~2000,2015-07-07
561,BigPharma,4,Registered 2 months             On Vacation Mode since 6 hours,,7,10~15,2015-07-07
562,EU-Connections,4.70,Registered 12 days              0 days,,42,10~15,2015-07-07
563,HangAbout,4.92,Registered 12 months              0 days,,16,300~500,2015-07-07
564,hellabud,4.96,Registered 1 years 0 months              0 days,,3,70~100,2015-07-07
565,VGer,4.85,Registered 1 years 4 months              2 days,,5,70~100,2015-07-07
566,Sc13nCe,5.00,Registered 6 months              0 days,,7,100~150,2015-07-07
567,QualityDrugs,4.99,Registered 2 months              0 days,,11,100~150,2015-07-07
568,HDs_Delivery,4.94,Registered 1 months              0 days,,5,70~100,2015-07-07
569,optiman,4.958,Registered 1 years 5 months              1 days,,618,4000~5000,2015-07-07
570,dayglow,5.00,Registered 1 months              0 days,,1,25~40,2015-07-07
571,onlyretail,4.44,Registered 3 months              0 days,,64,70~100,2015-07-07
572,Cafe_Deluxe,4.963,Registered 1 years 5 months              0 days,,19,4000~5000,2015-07-07
573,Quantik,4.986,Registered 1 years 3 months              1 days,,12,1000~2000,2015-07-07
574,XZirbeldrueseX,4.90,Registered 3 months              0 days,,13,300~500,2015-07-07
575,adderallFAST,4.98,Registered 29 days              0 days,,1,70~100,2015-07-07
576,Original_smileawhile,5.00,Registered 1 months              0 days,,3,10~15,2015-07-07
577,zeltasgarden,4.832,Registered 1 years 6 months              0 days,,63,3000~4000,2015-07-07
578,hank_scorpio,4.67,Registered 5 months              1 days,,1,25~40,2015-07-07
579,bcbuds,4.91,Registered 1 years 6 months              3 days,,11,200~300,2015-07-07
580,frygirlswirl,5.00,Registered 8 months              0 days,,10,150~200,2015-07-07
581,americantestosterone.com,5.00,Registered 23 days              0 days,,20,25~40,2015-07-07
582,rang,5,Registered 3 months              0 days,,1,6~10,2015-07-07
583,Saint_Symbiosis,4.937,Registered 1 years 4 months              0 days,,44,5000+,2015-07-07
584,cp_company1,5,Registered 15 days              1 days,,1,1~2,2015-07-07
585,greentara,5,Registered 9 days              0 days,,5,6~10,2015-07-07
586,BeverlyThrills,5.00,Registered 1 months              0 days,,1,15~25,2015-07-07
587,Sam5599,5,Registered 1 years 5 months              0 days,,6,10~15,2015-07-07
588,moominman,4.85,Registered 1 years 4 months              0 days,,8,100~150,2015-07-07
589,synester,4.89,Registered 8 months              0 days,,7,300~500,2015-07-07
590,MyMedic,4.87,Registered 19 days              0 days,,6,25~40,2015-07-07
591,PharmaPhil,4.88,Registered 6 months              0 days,,13,500~1000,2015-07-07
592,sexyhomer,4.981,Registered 1 years 0 months              0 days,,603,500~1000,2015-07-07
593,hjgotit,4.86,Registered 1 years 0 months              0 days,,2,100~150,2015-07-07
594,DirectRX,4.99,Registered 2 months              0 days,,6,200~300,2015-07-07
595,dionysos,4.94,Registered 7 months              0 days,,87,150~200,2015-07-07
596,bambyla888,4.98,Registered 2 months              0 days,,35,55~70,2015-07-07
597,RADICALRX,5.00,Registered 6 months              0 days,,17,40~55,2015-07-07
598,hulk21,4.78,Registered 3 months              0 days,,46,500~1000,2015-07-07
599,Haizenberg,4.76,Registered 1 years 5 months              3 days,,8,200~300,2015-07-07
600,MeGrimlock,4.90,Registered 1 years 5 months              1 days,,24,300~500,2015-07-07
601,Socal_Connect,4.981,Registered 1 years 4 months              0 days,,43,500~1000,2015-07-07
602,24kpharma,5.00,Registered 1 months              0 days,,16,25~40,2015-07-07
603,moramaru,4.946,Registered 1 years 6 months              0 days,,33,2000~3000,2015-07-07
604,TheDigital,4.671,Registered 4 months              0 days,,1093,500~1000,2015-07-07
605,heroking,4.00,Registered 7 months              0 days,,7,10~15,2015-07-07
606,brandonlear,,Registered 1 days              0 days,,1,0,2015-07-07
607,Oz-Store,4.932,Registered 10 months              3 days,,14,500~1000,2015-07-07
608,BudMasterGeneral,4.938,Registered 4 months              0 days,,89,1000~1500,2015-07-07
609,hackthegibson,4.91,Registered 1 years 5 months              0 days,,13,200~300,2015-07-07
610,KingCairoAG,4.68,Registered 1 months              0 days,,3,40~55,2015-07-07
611,DoctoreXXL,4.86,Registered 1 years 5 months              0 days,,17,300~500,2015-07-07
612,swisspass,5,Registered 2 months              0 days,,7,10~15,2015-07-07
613,MarshallMathers,4.97,Registered 21 days              0 days,,8,40~55,2015-07-07
614,DutchRevolution,5,Registered 3 days              0 days,,18,3~5,2015-07-07
615,keydemon,5.00,Registered 1 years 3 months              0 days,,15,150~200,2015-07-07
616,Keira666,,Registered 1 days              0 days,,114,0,2015-07-07
617,fredthebaker,4.869,Registered 1 years 6 months              0 days,,22,1000~2000,2015-07-07
618,bigfootbuds,4.98,Registered 5 months              0 days,,30,300~500,2015-07-07
619,PartyDrugz4You,4.94,Registered 3 months              0 days,,30,200~300,2015-07-07
620,FlyingKangaroo,4.89,Registered 1 years 1 months              0 days,,1,150~200,2015-07-07
621,killindagame66,4.91,Registered 7 months              0 days,,29,200~300,2015-07-07
622,AliceInHolland,4.74,Registered 1 years 4 months              0 days,,5,150~200,2015-07-07
623,Passport_Connection,4.92,Registered 1 years 4 months              0 days,,32,200~300,2015-07-07
624,UGL_Domestic,,,,,,2015-07-07
625,QANTAS,5,Registered 14 days              0 days,,3,6~10,2015-07-07
626,DutchForce,4.89,Registered 6 months              0 days,,34,500~1000,2015-07-07
627,LegalEyez,4.850,Registered 1 years 4 months              0 days,,25,2000~3000,2015-07-07
628,Samadha2015,4.90,Registered 3 months              3 days,,40,500~1000,2015-07-07
629,ozchronic,4.99,Registered 8 months              0 days,,54,500~1000,2015-07-07
630,IceAge,4.91,Registered 1 years 4 months              3 days,,5,70~100,2015-07-07
631,USAVE,5.00,Registered 1 months              0 days,,43,70~100,2015-07-07
632,PerfectFix,5,Registered 3 days              0 days,,5,6~10,2015-07-07
633,livinglarge,4.97,Registered 1 years 5 months              0 days,,173,300~500,2015-07-07
634,lindalovelace,4.99,Registered 1 years 4 months              0 days,,13,500~1000,2015-07-07
635,Dr.OZ_MD,5.00,Registered 1 years 1 months              0 days,,2,100~150,2015-07-07
636,RevenantChild,4.99,Registered 1 years 3 months              0 days,,9,200~300,2015-07-07
637,Soba,5.00,Registered 3 months              0 days,,24,100~150,2015-07-07
638,pastperfect,5.00,Registered 1 years 2 months              0 days,,3,100~150,2015-07-07
639,wakeside917,4.88,Registered 1 years 5 months              0 days,,144,500~1000,2015-07-07
640,HerbanLegends,5.00,Registered 1 months              0 days,,51,25~40,2015-07-07
641,Cocaine_Cowboy,4.85,Registered 1 years 0 months              0 days,,4,40~55,2015-07-07
642,DMTelf,4.78,Registered 9 months              0 days,,39,200~300,2015-07-07
643,DocRX,5,Registered 2 months              1 days,,3,6~10,2015-07-07
644,greenadder36,5.00,Registered 3 months              0 days,,5,70~100,2015-07-07
645,DrXanax,4.97,Registered 1 months              0 days,,13,55~70,2015-07-07
646,LoveIsTheKey,4.884,Registered 10 months              0 days,,31,1000~1500,2015-07-07
647,TheDrowsyRabbit,5.00,Registered 3 months              0 days,,9,150~200,2015-07-07
648,AusXTC,5.000,Registered 1 years 6 months              0 days,,0,1000~1500,2015-07-07
649,Saint_Nic_Agora,4.98,Registered 26 days              0 days,,7,70~100,2015-07-07
650,CoachSanta,4.82,Registered 7 months              0 days,,12,200~300,2015-07-07
651,MrBudget,4.29,Registered 10 months              0 days,,22,25~40,2015-07-07
652,DANARCHIST666,4.95,Registered 11 months              0 days,,3,150~200,2015-07-07
653,-Euphoria-,5.00,Registered 3 months              0 days,,4,25~40,2015-07-07
654,bestdeal,4.41,Registered 2 months              0 days,,47,200~300,2015-07-07
655,420TQC,4.95,Registered 5 months              0 days,,33,300~500,2015-07-07
656,marvel-labs,4.968,Registered 6 months              0 days,,24,1000~1500,2015-07-07
657,HiddenHands,4.891,Registered 7 months              0 days,,7,1000~1500,2015-07-07
658,sosacafe,5,Registered 24 days              0 days,,7,6~10,2015-07-07
659,harveynorman,5.00,Registered 9 months              0 days,,6,55~70,2015-07-07
660,HerbalHealer,4.79,Registered 1 years 2 months              1 days,,40,100~150,2015-07-07
661,sweettganjababe,4.967,Registered 1 years 2 months              0 days,,30,500~1000,2015-07-07
662,ChipChipperson,4.97,Registered 1 years 2 months              0 days,,10,500~1000,2015-07-07
663,chemicalbrothers,4.838,Registered 1 years 4 months              0 days,,22,500~1000,2015-07-07
664,lonelyimage,4,Registered 1 years 5 months              5 days,,4,10~15,2015-07-07
665,SunnySouthAfrica,4.76,Registered 1 years 6 months              1 days,,22,150~200,2015-07-07
666,CrystalShip,4.86,Registered 1 years 6 months              0 days,,17,200~300,2015-07-07
667,OxyWave,4.990,Registered 1 years 6 months              0 days,,0,500~1000,2015-07-07
668,aussieprime,4.940,Registered 1 years 5 months              0 days,,13,500~1000,2015-07-07
669,TheGermanHit,4.794,Registered 1 months              1 days,,32,500~1000,2015-07-07
670,MisterFawkes,4.850,Registered 6 months              0 days,,28,500~1000,2015-07-07
671,M-Shop,4.93,Registered 1 months              2 days,,5,150~200,2015-07-07
672,sniffpodSR,5.00,Registered 7 months              1 days,,7,150~200,2015-07-07
673,Highways,4.97,Registered 1 months              0 days,,25,40~55,2015-07-07
674,DrGreenBuds,,Registered 2 months              3 days,,5,0,2015-07-07
675,PsychNorway,4.83,Registered 3 months              0 days,,5,70~100,2015-07-07
676,Nostress,4.916,Registered 1 years 4 months              0 days,,15,500~1000,2015-07-07
677,autosafe,5,Registered 1 years 6 months              0 days,,18,10~15,2015-07-07
678,DrawkwarD,4.981,Registered 1 years 6 months              0 days,,75,5000+,2015-07-07
679,evoniK,5.00,Registered 1 months              0 days,,11,25~40,2015-07-07
680,Heisenberg-meds,4.963,Registered 1 years 7 months              0 days,,37,500~1000,2015-07-07
681,TheLemonadeStand,4.973,Registered 1 years 7 months              0 days,,3,1000~1500,2015-07-07
682,alwaysright,4.90,Registered 1 years 6 months              3 days,,8,70~100,2015-07-07
683,Klaymen,4.99,Registered 1 years 5 months              0 days,,26,300~500,2015-07-07
684,dankmedgradekush101,4.945,Registered 1 years 4 months              0 days,,37,1000~1500,2015-07-07
685,WeedConnect,4.93,Registered 1 years 6 months              0 days,,16,300~500,2015-07-07
686,HideDrugstore,4.86,Registered 24 days              0 days,,39,40~55,2015-07-07
687,Heath_Robinson,4.871,Registered 1 years 2 months              0 days,,10,500~1000,2015-07-07
688,RepAAA,4.95,Registered 1 years 6 months              0 days,,169,300~500,2015-07-07
689,Port-Royal,5,Registered 8 days              0 days,,1,6~10,2015-07-07
690,PCubeSensei,4.891,Registered 7 months              0 days,,1,500~1000,2015-07-07
691,FatSam,4.76,Registered 1 years 4 months              0 days,,41,500~1000,2015-07-07
692,SteroidWarehouse,4.96,Registered 5 months              0 days,,35,70~100,2015-07-07
693,NW-Nugz,5.00,Registered 1 years 3 months              0 days,,7,200~300,2015-07-07
694,VerdeLimon,4.65,Registered 1 years 6 months              3 days,,45,200~300,2015-07-07
695,HighTestMMDG,,Registered 1 years 3 months              0 days,,4,0,2015-07-07
696,Hank,4.984,Registered 1 years 5 months              0 days,,4,1000~1500,2015-07-07
697,LorenzoRC,4.94,Registered 5 months              1 days,,17,100~150,2015-07-07
698,kaliforniaProducts,4.99,Registered 1 years 3 months              0 days,,4,200~300,2015-07-07
699,gene001,4.877,Registered 1 years 2 months              1 days,,20,4000~5000,2015-07-07
700,~BigBoy,4.953,Registered 1 years 0 months              2 days,,17,1000~1500,2015-07-07
701,spartanlabsoz,4.97,Registered 8 months              0 days,,15,300~500,2015-07-07
702,digitalpunk,4.99,Registered 1 years 6 months              0 days,,10,200~300,2015-07-07
703,Krispy_Kreme,5.00,Registered 11 days              0 days,,4,15~25,2015-07-07
704,USssL,5.00,Registered 10 days              0 days,,0,15~25,2015-07-07
705,cali_kush,4.997,Registered 1 years 1 months              1 days,,17,1000~2000,2015-07-07
706,RedNight,5.00,Registered 1 years 4 months              0 days,,2,70~100,2015-07-07
707,honestherb,4.98,Registered 1 years 6 months              0 days,,4,300~500,2015-07-07
708,Mseller-Amidone,5.00,Registered 1 years 4 months              0 days,,3,40~55,2015-07-07
709,teddyruckspin,5.00,Registered 1 years 2 months              0 days,,9,300~500,2015-07-07
710,nwconcentrates,4.98,Registered 3 months              0 days,,6,200~300,2015-07-07
711,flyingflamingo,4.93,Registered 2 months              1 days,,14,70~100,2015-07-07
712,gandalfsgearnz,5.00,Registered 7 months              4 days,,8,70~100,2015-07-07
713,flyingdutchmann,5.00,Registered 21 days              0 days,,10,15~25,2015-07-07
714,soulpusher,4.76,Registered 8 months              0 days,,12,100~150,2015-07-07
715,ScorpionVenomDMT,5.00,Registered 1 months              0 days,,9,25~40,2015-07-07
716,WestCoastConnections,4.90,Registered 1 years 4 months              2 days,,3,70~100,2015-07-07
717,HappyIndustry,4.90,Registered 1 months              0 days,,8,15~25,2015-07-07
718,Luckys,4.98,Registered 7 months              0 days,,19,200~300,2015-07-07
719,Daz_Alley,4.97,Registered 6 months              0 days,,4,100~150,2015-07-07
720,SunSpirit,5.00,Registered 2 months             On Vacation Mode since 0 hours,,11,70~100,2015-07-07
721,EmeraldTriangle,4.882,Registered 1 years 4 months              0 days,,61,500~1000,2015-07-07
722,BlueSkiesRedEyes,4.95,Registered 1 years 5 months              0 days,,13,100~150,2015-07-07
723,iOracle,,Registered 2 days              0 days,,11,0,2015-07-07
724,buddys,4.968,Registered 1 years 1 months              0 days,,7,500~1000,2015-07-07
725,TOYOTATEAM,,Registered 13 days             On Vacation Mode since 1 days 9 hours,,45,0,2015-07-07
726,chillinfast,4.98,Registered 4 months              0 days,,1,70~100,2015-07-07
727,DutchDelights,4.68,Registered 4 months              0 days,,28,300~500,2015-07-07
728,CannaCouture,4.63,Registered 5 days              2 days,,8,25~40,2015-07-07
729,SMOOTHCRIMINALnl,4.89,Registered 1 years 4 months              0 days,,15,300~500,2015-07-07
730,AusPost,4.99,Registered 1 years 4 months              1 days,,7,100~150,2015-07-07
731,WeedSensation,4.984,Registered 8 months              0 days,,30,500~1000,2015-07-07
732,billhicksau,5.00,Registered 2 months              6 days,,21,15~25,2015-07-07
733,Canadiandomestics,5,Registered 25 days              1 days,,7,1~2,2015-07-07
734,MedIndia,4.875,Registered 1 years 1 months              0 days,,23,500~1000,2015-07-07
735,Rambe,4.78,Registered 1 years 2 months              0 days,,16,200~300,2015-07-07
736,TacaocaT,,Registered 1 days              0 days,,1,0,2015-07-07
737,qualitywhite,4.93,Registered 4 months              0 days,,29,500~1000,2015-07-07
738,Gotmilk,4.773,Registered 1 years 6 months              0 days,,350,2000~3000,2015-07-07
739,JRJRJR,4.93,Registered 1 years 4 months              0 days,,2,100~150,2015-07-07
740,vouched.agora,5.00,Registered 3 months              0 days,,3,15~25,2015-07-07
741,stoeprand,4.75,Registered 1 years 3 months              0 days,,27,500~1000,2015-07-07
742,Phantasia,5,Registered 13 days              1 days,,14,1~2,2015-07-07
743,LlamaSocks,,Registered 3 days              0 days,,8,0,2015-07-07
744,cheapest_motherfucker,,Registered 26 days              0 days,,16,0,2015-07-07
745,FelixUK,4.931,Registered 1 years 5 months              0 days,,24,500~1000,2015-07-07
746,MedicalMJ,4.81,Registered 1 years 4 months              0 days,,4,150~200,2015-07-07
747,Tom_and_Jerry,4.890,Registered 1 years 1 months              0 days,,15,1000~2000,2015-07-07
748,dubRx,5.00,Registered 1 months              0 days,,21,15~25,2015-07-07
749,GVtobaccoAL,4.98,Registered 6 months              0 days,,4,300~500,2015-07-07
750,starlight,4.87,Registered 1 years 4 months              0 days,,37,300~500,2015-07-07
751,EuroPills,4.99,Registered 2 months              0 days,,30,150~200,2015-07-07
752,Quality_plus,5.00,Registered 12 days              0 days,,11,15~25,2015-07-07
753,CasaBlanca,5.00,Registered 1 months              0 days,,36,70~100,2015-07-07
754,budmaster,4.89,Registered 5 months              0 days,,10,150~200,2015-07-07
755,Drugs-Inc,4.97,Registered 1 months              3 days,,2,200~300,2015-07-07
756,HappymonkAgora,5.00,Registered 2 months              0 days,,5,40~55,2015-07-07
757,Green-Machine,4.908,Registered 1 years 6 months              1 days,,2,500~1000,2015-07-07
758,UnclePsychedelic,4.988,Registered 1 years 7 months              0 days,,4,500~1000,2015-07-07
759,canadasunshine,4.921,Registered 1 years 3 months              0 days,,31,1000~1500,2015-07-07
760,PsiloManufacture,4.886,Registered 1 years 0 months              0 days,,29,1000~1500,2015-07-07
761,HieronymusBosch,5.00,Registered 1 months              0 days,,2,55~70,2015-07-07
762,Kaesefritz_GER,5.00,Registered 11 months              0 days,,12,300~500,2015-07-07
763,MMA_,4.93,Registered 4 months              0 days,,10,40~55,2015-07-07
764,StealthBomber,4.950,Registered 1 years 4 months              0 days,,24,2000~3000,2015-07-07
765,Dr_Seuss,4.88,Registered 9 months              4 days,,53,300~500,2015-07-07
766,MissTripzz,4.99,Registered 7 months              0 days,,12,500~1000,2015-07-07
767,StudyBuddies,5.00,Registered 5 months              1 days,,7,40~55,2015-07-07
768,rage66666,,Registered 11 months              4 days,,12,0,2015-07-07
769,GermanWeedGrower420,5.00,Registered 25 days              0 days,,36,70~100,2015-07-07
770,UK-Kemicals,5,Registered 13 days              0 days,,4,6~10,2015-07-07
771,TheDarkHand,4.65,Registered 2 months              0 days,,29,300~500,2015-07-07
772,Sunnyvale_Assassins,5.00,Registered 6 months              0 days,,4,150~200,2015-07-07
773,QuickPharm,,Registered 1 days              0 days,,3,0,2015-07-07
774,AM123,4.99,Registered 1 years 4 months              0 days,,5,300~500,2015-07-07
775,Vibrational,4.93,Registered 5 months              0 days,,6,200~300,2015-07-07
776,KingScan,5,Registered 15 days              0 days,,37,3~5,2015-07-07
777,BudQueen,,Registered 2 days              0 days,,0,0,2015-07-07
778,TheBartender,4.82,Registered 1 years 7 months              0 days,,2,15~25,2015-07-07
779,ukjuiceman,4.18,Registered 3 months              3 days,,31,15~25,2015-07-07
780,themariobrothers,4.95,Registered 1 years 3 months              0 days,,2,300~500,2015-07-07
781,etxmx12,5.00,Registered 7 months              1 days,,14,15~25,2015-07-07
782,Synthiotics,5.00,Registered 1 years 6 months             On Vacation Mode since 23 hours,,2,25~40,2015-07-07
783,DrDankBud,4.91,Registered 1 years 3 months              0 days,,10,200~300,2015-07-07
784,Evangitis,4.982,Registered 1 years 4 months              0 days,,42,3000~4000,2015-07-07
785,LegitGearKing2015,5,Registered 4 months              2 days,,11,6~10,2015-07-07
786,ThreeKings,4.941,Registered 1 years 5 months              2 days,,121,1000~1500,2015-07-07
787,Bubblehash,5.00,Registered 1 years 6 months              0 days,,2,200~300,2015-07-07
788,chemsdirect,5.00,Registered 20 days              0 days,,8,55~70,2015-07-07
789,yamagucci,5,Registered 25 days              0 days,,14,1~2,2015-07-07
790,Mindful-Shaman,4.86,Registered 1 years 6 months              0 days,,48,100~150,2015-07-07
791,Optumis,4.943,Registered 9 months              0 days,,1023,1000~1500,2015-07-07
792,theOCguy,,Registered 8 days              0 days,,1,0,2015-07-07
793,WarehouseDirect,5.00,Registered 1 years 1 months              0 days,,6,100~150,2015-07-07
794,CanadaGold-MDMA,5.00,Registered 1 months              1 days,,43,15~25,2015-07-07
795,BECKER,5.00,Registered 1 years 4 months              0 days,,8,150~200,2015-07-07
796,lilflip184,5.00,Registered 3 months              0 days,,13,70~100,2015-07-07
797,buht,4.92,Registered 1 years 5 months              0 days,,27,150~200,2015-07-07
798,PlutoPete,4.98,Registered 7 months              0 days,,115,500~1000,2015-07-07
799,PKHydro,5.00,Registered 1 years 1 months              0 days,,5,200~300,2015-07-07
800,Oase,4.99,Registered 7 months              1 days,,32,200~300,2015-07-07
801,JackBlue,5,Registered 1 years 4 months              0 days,,0,10~15,2015-07-07
802,tantrikom3,4.76,Registered 1 years 3 months              0 days,,18,100~150,2015-07-07
803,joeybagadonuts,4.997,Registered 1 years 5 months              3 days,,9,500~1000,2015-07-07
804,Discover,4.957,Registered 1 years 5 months              0 days,,58,2000~3000,2015-07-07
805,Doctor_XTC,5.00,Registered 5 days              0 days,,30,25~40,2015-07-07
806,Double-Helix,5.000,Registered 1 years 6 months              0 days,,2,1000~1500,2015-07-07
807,Medibank,4.97,Registered 1 years 2 months              0 days,,20,300~500,2015-07-07
808,WesternMeds,5.00,Registered 14 days              0 days,,4,10~15,2015-07-07
809,Necro,5.00,Registered 2 months              0 days,,24,70~100,2015-07-07
810,GuccisGifts,4.82,Registered 2 months              0 days,,4,25~40,2015-07-07
811,GreenLeafLabs,4.99,Registered 6 months              0 days,,37,300~500,2015-07-07
812,CaptainChronic,5.00,Registered 1 years 4 months              0 days,,1,200~300,2015-07-07
813,kraeutergarten,5.00,Registered 4 months              0 days,,15,300~500,2015-07-07
814,NoComment,5.00,Registered 1 years 2 months              3 days,,9,200~300,2015-07-07
815,mania,5.00,Registered 1 years 1 months              0 days,,2,55~70,2015-07-07
816,thirtyrox,4.14,Registered 1 years 6 months              0 days,,4,25~40,2015-07-07
817,novaspeed,4.94,Registered 1 years 4 months              0 days,,4,100~150,2015-07-07
818,CaliCannabisClub,4.99,Registered 3 months              0 days,,18,200~300,2015-07-07
819,DNA_Team,4.97,Registered 2 months              0 days,,4,70~100,2015-07-07
820,1onestop,5,Registered 16 days              0 days,,14,10~15,2015-07-07
821,Toyota,4.952,Registered 1 years 0 months              0 days,,49,2000~3000,2015-07-07
822,shatter_kings_710,4.98,Registered 3 months              0 days,,3,70~100,2015-07-07
823,Maling47,5,Registered 3 days              0 days,,2,1~2,2015-07-07
824,HeadacheCure,4.98,Registered 11 months              0 days,,6,70~100,2015-07-07
825,doofgear,4.87,Registered 5 months              0 days,,39,200~300,2015-07-07
826,Utopia,4.959,Registered 1 years 5 months              0 days,,8,1000~1500,2015-07-07
827,thepillguyAUS,5.00,Registered 5 months              0 days,,23,25~40,2015-07-07
828,Big_Boy,4.96,Registered 8 months              0 days,,7,300~500,2015-07-07
829,MysticRideThroughGalaxy,4.82,Registered 6 months              2 days,,10,200~300,2015-07-07
830,c8n,5.00,Registered 4 months             On Vacation Mode since 1 days 0 hours,,2,15~25,2015-07-07
831,SupplyAndDemand,4.995,Registered 1 years 4 months              0 days,,14,500~1000,2015-07-07
832,mrblacklabel,5.00,Registered 2 months              0 days,,18,70~100,2015-07-07
833,coasttocoast,4.98,Registered 1 years 7 months              0 days,,9,300~500,2015-07-07
834,83519532,4.74,Registered 3 months              0 days,,30,300~500,2015-07-07
835,ES-Light,4.96,Registered 1 years 1 months              0 days,,60,300~500,2015-07-07
836,Black_Label,4.95,Registered 1 years 4 months              0 days,,5,500~1000,2015-07-07
837,enki,4.978,Registered 1 years 6 months              0 days,,31,500~1000,2015-07-07
838,brickbank,4.59,Registered 2 months              0 days,,49,150~200,2015-07-07
839,nzt48givesyouwings,5.00,Registered 8 months              2 days,,26,100~150,2015-07-07
840,AussieImportPills,5.00,Registered 23 days              0 days,,12,10~15,2015-07-07
841,multiexciter,4.937,Registered 1 years 5 months              0 days,,6,1000~1500,2015-07-07
842,RollingStoned,5,Registered 3 months              0 days,,21,3~5,2015-07-07
843,MrHolland,4.72,Registered 5 months              0 days,,29,200~300,2015-07-07
844,Iamyourman,5.00,Registered 4 months              0 days,,3,15~25,2015-07-07
845,TheGratefulDeadFamily,4.97,Registered 12 months              2 days,,3,500~1000,2015-07-07
846,HMDD,4.980,Registered 1 years 6 months              1 days,,17,300~500,2015-07-07
847,Nightmare,4.90,Registered 4 months              1 days,,27,150~200,2015-07-07
848,BioCanna,5.00,Registered 1 years 4 months              0 days,,5,70~100,2015-07-07
849,thedarkexpresso,4.78,Registered 12 days              0 days,,6,15~25,2015-07-07
850,PercMarket,5,Registered 2 months              0 days,,5,6~10,2015-07-07
851,Troubadour,,Registered 13 days              0 days,,1,0,2015-07-07
852,dwwynn12,5,Registered 2 months              0 days,,1,3~5,2015-07-07
853,morphinista_uk,4.90,Registered 3 months              0 days,,6,55~70,2015-07-07
854,NotoSeller,4.969,Registered 1 years 4 months              0 days,,64,1000~2000,2015-07-07
855,MiniDeal,4.87,Registered 1 years 4 months              0 days,,0,150~200,2015-07-07
856,maverickdude,,Registered 17 days              0 days,,24, 3~5,2015-07-07
857,TheGreenHouse,4.81,Registered 7 months              0 days,,9,25~40,2015-07-07
858,WindowSmoke,5.00,Registered 1 months              0 days,,11,100~150,2015-07-07
859,Drugs4you,4.970,Registered 1 years 1 months              0 days,,140,5000+,2015-07-07
860,AfriKanSun,4.88,Registered 1 years 3 months              0 days,,54,500~1000,2015-07-07
861,TheBudFather,4.991,Registered 1 years 4 months              0 days,,2,500~1000,2015-07-07
862,DOPECARTEL,4.55,Registered 1 years 3 months              1 days,,12,100~150,2015-07-07
863,Superstore,5,Registered 2 months              1 days,,4,3~5,2015-07-07
864,thetoyouteam,4.95,Registered 7 months              2 days,,17,200~300,2015-07-07
865,RU18YET,4.94,Registered 6 months              0 days,,3,100~150,2015-07-07
866,GuMbA,4.96,Registered 4 months              0 days,,41,500~1000,2015-07-07
867,HumboldtHeart,5.00,Registered 12 months              0 days,,4,25~40,2015-07-07
868,Organix2,4.963,Registered 1 years 7 months              0 days,,19,500~1000,2015-07-07
869,Rollie,,Registered 1 months              0 days,,2,0,2015-07-07
870,710superstore,4.56,Registered 3 months              0 days,,12,25~40,2015-07-07
871,derriese5,4.57,Registered 1 years 1 months              1 days,,7,55~70,2015-07-07
872,igotstheblues,4.95,Registered 1 years 1 months              0 days,,1,300~500,2015-07-07
873,Waitrose,5.00,Registered 3 months              6 days,,2,25~40,2015-07-07
874,MrAsia,,Registered 13 days              0 days,,24,0,2015-07-07
875,MrCognoscenti,4.90,Registered 6 months              0 days,,12,200~300,2015-07-07
876,alchemycd,4.88,Registered 1 years 2 months              0 days,,76,200~300,2015-07-07
877,dutchquality3.0,4.63,Registered 6 months             On Vacation Mode since 1 days 14 hours,,5,100~150,2015-07-07
878,UnknownSeller,4.83,Registered 1 years 5 months              0 days,,15,500~1000,2015-07-07
879,HigherGroundsNL,4.87,Registered 1 years 5 months              0 days,,17,300~500,2015-07-07
880,ozconnection,4.95,Registered 1 years 2 months              0 days,,12,500~1000,2015-07-07
881,Matron,5.00,Registered 1 years 4 months              0 days,,0,200~300,2015-07-07
882,CaliforniaGreenCross,4.990,Registered 1 years 3 months              1 days,,32,4000~5000,2015-07-07
883,KiloGram,4.85,Registered 4 months              0 days,,11,70~100,2015-07-07
884,GermanGBL,,Registered 0 days              0 days,,1,0,2015-07-07
885,Mr_Fugazi,5.00,Registered 5 months              1 days,,17,25~40,2015-07-07
886,killerbong,4.939,Registered 1 years 2 months             On Vacation Mode since 15 hours,,7,500~1000,2015-07-07
887,Instrument,4.996,Registered 1 years 4 months              0 days,,14,2000~3000,2015-07-07
888,House_Lannister,4.989,Registered 1 years 5 months              0 days,,15,1000~2000,2015-07-07
889,rocketship,4.999,Registered 1 years 1 months              0 days,,15,2000~3000,2015-07-07
890,only,4.83,Registered 1 years 7 months              2 days,,101,300~500,2015-07-07
891,GreenJack,4.58,Registered 11 months              0 days,,5,15~25,2015-07-07
892,freddyflex,4.76,Registered 16 days             On Vacation Mode since 7 hours                             |  Restricted/scamming investigation.,,29,70~100,2015-07-07
893,Bigdeal100,4.95,Registered 1 years 4 months              0 days,,266,200~300,2015-07-07
894,Wrathmore,4.96,Registered 1 years 5 months              0 days,,4,100~150,2015-07-07
895,cocainedealer,4.906,Registered 1 years 0 months              0 days,,5,500~1000,2015-07-07
896,Top-Shelf-Nugs,4.87,Registered 4 months              3 days,,21,300~500,2015-07-07
897,BHOLabs,5.00,Registered 3 months              0 days,,1,10~15,2015-07-07
898,FMATTHEWS,4.767,Registered 1 years 2 months              0 days,,46,2000~3000,2015-07-07
899,kobrivoje,4.90,Registered 1 years 4 months              0 days,,17,100~150,2015-07-07
900,DoctorFR,4.52,Registered 1 months              0 days,,7,25~40,2015-07-07
901,Meds~NZ,4.93,Registered 7 months              0 days,,6,100~150,2015-07-07
902,sinmac1906,4.961,Registered 7 months              1 days,,25,1000~2000,2015-07-07
903,easydrugstore,4.92,Registered 7 months              0 days,,12,200~300,2015-07-07
904,medsguru,4.668,Registered 9 months              0 days,,131,1000~1500,2015-07-07
905,monetka,4.85,Registered 1 months              0 days,,59,300~500,2015-07-07
906,DiMiTri_Coolbreeze,5.00,Registered 25 days              0 days,,20,25~40,2015-07-07
907,opiateconnect,4.91,Registered 12 months              0 days,,6,300~500,2015-07-07
908,p3nd8s,5.00,Registered 1 years 6 months              0 days,,21,70~100,2015-07-07
909,REALRX,4.925,Registered 1 years 6 months              0 days,,28,2000~3000,2015-07-07
910,LabTested,5.00,Registered 1 months              0 days,,7,55~70,2015-07-07
911,Crystal_Clean,4.95,Registered 3 months              0 days,,2,300~500,2015-07-07
912,Oxy~RX,4.939,Registered 1 years 2 months              4 days,,7,1000~1500,2015-07-07
913,gork,4.82,Registered 1 years 5 months              0 days,,10,40~55,2015-07-07
914,CANOXY,5.00,Registered 1 years 2 months              1 days,,4,150~200,2015-07-07
915,My_Private_Garden,5.00,Registered 1 years 3 months              0 days,,4,300~500,2015-07-07
916,LiberianGirl,5,Registered 1 months              0 days,,2,6~10,2015-07-07
917,ozAgrade,4.988,Registered 3 months              3 days,,27,500~1000,2015-07-07
918,Mistergoodeal,5,Registered 9 days              1 days,,3,1~2,2015-07-07
919,godzilla000,5,Registered 10 days              0 days,,13,1~2,2015-07-07
920,drblackhat,5.00,Registered 8 months              3 days,,25,25~40,2015-07-07
921,supercanna,4.48,Registered 7 months              0 days,,7,25~40,2015-07-07
922,DiegoMaradona,5.00,Registered 1 years 4 months              0 days,,2,100~150,2015-07-07
923,BigRalphExpress,4.98,Registered 4 months              0 days,,5,70~100,2015-07-07
924,5588,4.910,Registered 1 years 4 months              1 days,,12,500~1000,2015-07-07
925,RailYourMail,5.00,Registered 8 months              0 days,,10,150~200,2015-07-07
926,CaliforniaDreams,4.97,Registered 1 years 4 months              0 days,,5,300~500,2015-07-07
927,growthhormone,4.73,Registered 1 years 3 months              0 days,,7,25~40,2015-07-07
928,emeraldgeminiagora,4.89,Registered 8 months              0 days,,28,150~200,2015-07-07
929,daydreamer33,4.973,Registered 1 years 3 months              0 days,,3,500~1000,2015-07-07
930,alisdrugstore,4.86,Registered 1 months              0 days,,94,300~500,2015-07-07
931,LONDON-UNDERGROUND,4.891,Registered 8 months              0 days,,15,1000~1500,2015-07-07
932,TheGiftShop,5,Registered 14 days              0 days,,4,6~10,2015-07-07
